initial best conditions
total_costs = [429670.37883146515, 452298.7344742455, 500532.29447798396, 528483.2751035696, 619828.6528771549]
execution_delay = [447816.17466608685, 497844.1190148968, 570329.0495467798, 662926.5163874701, 698609.8510763145]
total_energies = [168324.59753119622, 153661.51121530597, 137842.55751615335, 182884.62000866365, 270523.7273390044]
money = [3743.769396723148, 4971.5163751490045, 7752.5212188443675, 1413.539690116935, 0]
offloading_from_edge = [69.0 / 22668.0, 349 / 28561.0, 3711 / 40000.0]
# best offloading decision - {0: 11547, 1: 20472, 2: 7998}
# naive offloading decision - {0: 1722, 1: 27737, 2: 10543}




